x: 0.7550797
y: 0.7550797
z: 0.7550797
