x: 0.433615
y: 0.433615
z: 0.433615
