x: 0.2730176
y: 0.2730176
z: 0.2730176
