x: 0.87586
y: 0.87586
z: 0.87586
