ShaderType: Standard
Name: LeatherDarkRed_mat_TW1
_Color:
  r: 0.4622641
  g: 0.05407616
  b: 0.08592048
  a: 1
_MainTex: (Wood 26) tree bark seamless texture 2048x2048
_EmissionColor:
  r: 0.03759341
  g: 0.2934762
  b: 0.9056604
  a: 1
Transparent: false
_Hue: 0
_Value: 0
_Saturation: 0
