ShaderType: Standard
Name: bmp_lightningslime
_Color:
  r: 0.7693548
  g: 0.2022517
  b: 0.9528301
  a: 1
_MainTex: ''
_EmissionColor:
  r: 0.2572902
  g: 0.0993681
  b: 0.7264151
  a: 1
Transparent: false
_Hue: 0
_Value: 0
_Saturation: 0
